2 0.3623046875 0.2412109375 0.0634765625 0.0556640625
2 0.22265625 0.255859375 0.0322265625 0.0419921875
2 0.2041015625 0.3017578125 0.015625 0.029296875
2 0.369140625 0.3115234375 0.0400390625 0.03125
2 0.7177734375 0.349609375 0.0234375 0.0400390625
2 0.619140625 0.3232421875 0.126953125 0.0400390625
2 0.5068359375 0.3896484375 0.0234375 0.0234375
2 0.4736328125 0.3955078125 0.021484375 0.0263671875
2 0.3046875 0.4384765625 0.021484375 0.021484375
2 0.228515625 0.4912109375 0.013671875 0.021484375
2 0.2978515625 0.5068359375 0.029296875 0.0263671875
2 0.3046875 0.59375 0.021484375 0.021484375
2 0.763671875 0.216796875 0.029296875 0.015625
2 0.7978515625 0.3759765625 0.029296875 0.06640625
2 0.732421875 0.5478515625 0.0478515625 0.0341796875
2 0.5771484375 0.5400390625 0.0322265625 0.0234375
2 0.7138671875 0.666015625 0.07421875 0.0498046875
2 0.7802734375 0.7529296875 0.05859375 0.0556640625