2 0.236328125 0.21875 0.0712890625 0.0419921875
2 0.697265625 0.244140625 0.044921875 0.0400390625
2 0.7939453125 0.2470703125 0.0263671875 0.029296875
2 0.4111328125 0.2626953125 0.0234375 0.029296875
2 0.2919921875 0.2451171875 0.0400390625 0.0263671875
2 0.2900390625 0.3349609375 0.0185546875 0.0263671875
2 0.529296875 0.484375 0.0478515625 0.0498046875
2 0.4736328125 0.33203125 0.0322265625 0.03125
2 0.6630859375 0.3115234375 0.029296875 0.0263671875
2 0.6494140625 0.3828125 0.029296875 0.03125
2 0.7587890625 0.36328125 0.0263671875 0.0234375
2 0.7421875 0.5341796875 0.044921875 0.0341796875
2 0.8125 0.349609375 0.0263671875 0.0234375
2 0.474609375 0.576171875 0.029296875 0.029296875
2 0.5634765625 0.564453125 0.037109375 0.03125
2 0.3173828125 0.3837890625 0.0322265625 0.029296875
2 0.2548828125 0.3388671875 0.0234375 0.029296875
2 0.2861328125 0.466796875 0.0322265625 0.03125
2 0.3388671875 0.5302734375 0.0419921875 0.0419921875
2 0.3349609375 0.6015625 0.06640625 0.0576171875
2 0.43359375 0.62890625 0.021484375 0.0185546875
2 0.4658203125 0.734375 0.052734375 0.0341796875
2 0.6005859375 0.724609375 0.0263671875 0.029296875
2 0.2080078125 0.6083984375 0.0234375 0.0341796875
2 0.23046875 0.6650390625 0.021484375 0.0263671875
2 0.4189453125 0.763671875 0.0234375 0.0234375