0 0.365079 0.244063 0.063492 0.055409
0 0.224868 0.258575 0.031746 0.042216
0 0.206349 0.304749 0.015873 0.029024
0 0.371693 0.313984 0.039683 0.031662
0 0.720899 0.352243 0.023810 0.039578
0 0.621693 0.325858 0.126984 0.039578
0 0.509259 0.391821 0.023810 0.023747
0 0.476190 0.398417 0.021164 0.026385
0 0.306878 0.440633 0.021164 0.021108
0 0.231481 0.493404 0.013228 0.021108
0 0.300265 0.509235 0.029101 0.026385
0 0.306878 0.596306 0.021164 0.021108
0 0.765873 0.218997 0.029101 0.015831
0 0.800265 0.378628 0.029101 0.065963
0 0.735450 0.550132 0.047619 0.034301
0 0.579365 0.542216 0.031746 0.023747
0 0.716931 0.668865 0.074074 0.050132
0 0.783069 0.755937 0.058201 0.055409
