0 0.243386 0.225594 0.074074 0.044855
0 0.293651 0.246702 0.052910 0.029024
0 0.412698 0.259894 0.031746 0.023747
0 0.695767 0.246702 0.037037 0.044855
0 0.794974 0.253298 0.029101 0.042216
0 0.664021 0.310026 0.031746 0.029024
0 0.756614 0.364116 0.037037 0.031662
0 0.653439 0.383905 0.026455 0.018470
0 0.474868 0.335092 0.023810 0.026385
0 0.291005 0.341689 0.031746 0.023747
0 0.320106 0.385224 0.021164 0.031662
0 0.533069 0.486807 0.055556 0.050132
0 0.291005 0.469657 0.042328 0.026385
0 0.338624 0.532982 0.042328 0.042216
0 0.207672 0.610818 0.023810 0.034301
0 0.228836 0.668865 0.018519 0.023747
0 0.339947 0.606860 0.060847 0.058047
0 0.439153 0.633245 0.031746 0.031662
0 0.480159 0.579156 0.034392 0.029024
0 0.744709 0.536939 0.044974 0.023747
0 0.603175 0.726913 0.037037 0.023747
0 0.465608 0.738786 0.052910 0.031662
0 0.420635 0.769129 0.031746 0.018470
0 0.498677 0.790237 0.029101 0.023747
0 0.563492 0.560686 0.037037 0.034301
