0 0.239418 0.221636 0.071429 0.042216
0 0.699735 0.246702 0.044974 0.039578
0 0.796296 0.249340 0.026455 0.029024
0 0.414021 0.265172 0.023810 0.029024
0 0.294974 0.248021 0.039683 0.026385
0 0.292328 0.337731 0.018519 0.026385
0 0.531746 0.486807 0.047619 0.050132
0 0.476190 0.335092 0.031746 0.031662
0 0.665344 0.313984 0.029101 0.026385
0 0.652116 0.385224 0.029101 0.031662
0 0.761905 0.365435 0.026455 0.023747
0 0.744709 0.536939 0.044974 0.034301
0 0.814815 0.352243 0.026455 0.023747
0 0.477513 0.579156 0.029101 0.029024
0 0.566138 0.567282 0.037037 0.031662
0 0.320106 0.386544 0.031746 0.029024
0 0.257937 0.341689 0.023810 0.029024
0 0.288360 0.469657 0.031746 0.031662
0 0.341270 0.532982 0.042328 0.042216
0 0.337302 0.604222 0.066138 0.058047
0 0.436508 0.631926 0.021164 0.018470
0 0.468254 0.737467 0.052910 0.034301
0 0.603175 0.726913 0.026455 0.029024
0 0.210317 0.610818 0.023810 0.034301
0 0.232804 0.667546 0.021164 0.026385
0 0.421958 0.766491 0.023810 0.023747
